   1369
    700
   3166
   3148
   3031
   3065
    873
   3499
   3174
   2990
   1106
   2616
   1398
   1406
    110
    188
   3505
   1834
   3506
   3517
   1247
   3515
   3516
   1319
   2986
   1331
   3348
      8
    716
    141
   1240
   1421
   1503
    370
   3418
   3227
   1582
   3225
    311
    453
    519
    993
   1666
    877
    852
    784
     51
   2430
   9499
     32
     55
   3343
   1618
   2488
    108
    929
    458
    638
    824
    560
   1816
   3273
   1920
    208
    247
    494
    918
    233
    214
     26
   1469
   3407
   7072
   2771
    605
     59
   2536
   2966
    326
    361
    149
   2095
   2472
    302
   3262
    249
   1008
   2518
    947
    608
   1812
   3404
   1851
   1527
    739
    124
   1382
    593
    744
   1026
    273
    807
   2456
   1205
   7029
    527
   3119
    607
    298
    821
   1728
   1797
   2288
      5
    941
   1809
   2382
    194
    471
   2293
   1197
   1283
   1297
   1040
   1007
   1082
   1066
   2884
    944
   2090
    134
   1041
   1151
    915
   1126
   2306
   1952
   2322
   2213
    575
   1726
    232
   3299
   1946
    205
   3317
   1393
   1475
    589
   1528
   2333
   1362
   3420
    634
   1444
   3303
   1542
   1413
   1432
   1436
   1213
    559
    442
   2743
   1549
   3290
    582
   1971
   1813
   1687
   2189
   1879
    547
   3434
   3327
   2523
   1300
   2593
   1627
    904
   2316
   3398
   3460
   1599
   1697
   1626
   1786
    707
   1647
   1964
    479
   2194
   3278
   3017
   2532
   2030
    838
   1894
   2254
    922
   1882
    884
    798
    970
    693
    902
   1371
   1855
   2680
   2034
   1924
    651
   2049
    905
    920
   2756
    923
    868
   2081
    690
      3
   3270
   2163
    938
   2157
   1006
   2094
   2040
   1056
   2433
   3000
   2836
   2120
   1073
   2545
    323
    719
   2776
   2307
   2151
   1060
   2148
   2982
   2640
   2091
    332
    378
   2442
   2907
   3408
   1935
   2956
     58
   1296
   2346
   3415
   1915
   3204
    199
    951
    379
   1660
   3302
   2928
    822
    478
   2838
   3020
   2085
   3077
   1693
   2320
   1320
   1383
   1081
    570
    320
   1316
    308
   3477
   1457
   1359
   2914
   1396
   2624
   3397
   3130
   1560
   1597
   3216
    602
   1481
   1873
   2444
   2234
   3352
   2437
   3236
    340
    433
   2559
   1303
   1509
   2305
     34
   1307
   3289
   1253
    201
   2143
    646
   2606
   3046
   2260
   2286
   2611
   1471
   2984
   1611
   1788
   2517
   2794
   1364
   1640
   1508
   1558
   2941
   2540
    591
    355
    840
    455
   1823
   7044
    456
   2886
   2741
   1517
    343
   3051
   1652
   1965
   2646
    916
   2301
   2468
   2654
   1513
     76
   2454
   3140
   1899
   1850
   1260
   3511
    799
   2855
   1520
   1911
   3124
   1498
   1678
    968
   2137
   2825
    419
   1074
   2878
     45
   1118
   2166
    793
   1998
   2184
   2802
   2859
   2852
     40
   3125
   3329
   3112
    196
   2200
    619
   1372
    618
   2354
   2063
   2084
   1095
   1128
   1881
   1150
     99
   3122
   3487
   3061
   2918
   1285
   1374
   1749
   2116
   1170
   2786
   2224
   1985
   2949
   2829
    620
   2187
    314
   2205
   2944
   1277
   1724
   2577
   3884
   1147
   2908
   2558
   4001
   1688
    893
   1921
   2767
   7777
   1734
   2159
   1139
   6448
   2773
    422
    733
   2795
   2926
    774
   2696
   1510
   2127
   3120
   1741
   1218
   2118
   2750
   2781
   2233
   1418
   7052
   2981
   2691
   2753
   7053
    163
   2482
   2149
   3006
    823
   2796
   1794
   2626
   1458
   1994
   2724
   1844
   2975
   1027
   2911
    153
   2625
   4008
   1761
    785
   1541
   1464
   4007
    833
   2961
   2806
    673
   3104
   2842
   1778
   1931
    924
   1437
   2659
    162
   2927
   3079
   1356
   3106
   7039
   2749
    906
    813
   3053
   2728
   1980
   2280
    296
   1226
   3193
   3121
   1009
   2681
   1942
     39
   2251
   1954
   1431
    758
   1350
   2972
   1567
   2632
   1411
    678
    282
   7074
   2699
   3107
   2999
   2543
    583
    543
   1448
     73
   1801
    966
   1294
   1668
   1641
   1045
   3226
    376
     69
   1402
    750
    179
    563
   3393
    773
    679
   2586
   3184
    624
   1776
   1765
   2461
    100
   7011
    228
    173
   2642
   7032
    267
    219
   1044
   3390
   1530
   1182
   1593
   2725
   3181
   1963
   1842
    910
     87
    669
   1412
    642
     35
   3154
    142
    334
    844
    653
   1368
   1271
    737
   3209
    540
    137
   7009
   1848
   3186
    377
    596
    437
   1176
   2469
   1691
   2531
    565
    730
   2542
   2505
   2797
   1833
    279
   3176
   3207
    696
   3374
    981
   3323
   2053
   2584
    778
   2314
   2309
    505
    231
   1633
   3336
   2185
    930
   3362
   3248
   2311
   1706
   1020
   1847
    571
   1546
    452
   2055
    161
    528
    939
   1616
   3145
    881
    885
   2534
   2245
   3253
    441
    914
   7006
    510
   1817
    155
    337
   2391
   2682
   2235
   2664
    227
   2509
   1111
    969
   2238
    468
   3379
    346
   1849
   1280
